$ANSIBLE_VAULT;1.1;AES256
66343261346464333636313231636632346138303730623734303863313465386361366265386430
3064623265313065633430663135653030663730656536370a343234316161386465616638616361
37633430626333633263353337636231353435636364303262366533353431656434386561303765
6333666265643861310a643964346662643030393962313562616238333166666162666361396464
62356434623031323437303131616262613437633331323364646534623737363534333932663563
64343934626361313939646665613331323261663736333331356261636635393639313731396634
34663965633830653939643133633061303865636135316661306562356633373132626364616163
61326166653435353038313037653661633562633939623934623663636430646236323464366463
61373362646634353130366439356137663562356636306439383362613232313966373738646238
62336230316231396236653630376537373736326130363234393534623039636333316462643530
66353562643037653034636665613635613735613166373734663463353237343535393435623538
38626530623962663166373164313833626534376431626334303265623135396330393435666334
38653462636466363332346331306533623964333032616464313932393565643739346439613531
35393931623266373439623734313536306465626130343264643632346166636236356532376438
65373463656665363665383834623661643166343763366164343861666565616535656537313661
61626433656433353632666637633465633734396335326239636630643132636662663134396132
64613535663236643734663762636365366363386139623036663530353430663961396336643237
62656536356639626330323138613635626666383437393666343761353561623434353537333435
38653032353733663037616336333663316265393264316430303533323334616362366230336332
64333130346137383836366662363833396164393463366530303930343435636465666631626438
34336465336638333262666435313939643732343837356166303434353137363737643538393730
35393463323362616135306239633862646435346430306436333733386132313338346262643239
66323135653433396430616432333135323165316538653631386262653033623666643262333931
33356266653135646535663365386130323666623264636266313962346639666265393964376562
62343834656564643962663363316135306265633937383434396466623538643432663534303332
38623965316366653934666435336162346561653965373862656136313265386665373631633535
30663863613939393362393332313238636634333838313637343635333330323437366632303538
65396266633933393638323830346666623166373662366364316365306465613139653938376436
32376338643633313735396464343935376535376263616535646433303336356437376530393532
34636335383734373662663538333065613733663063376466373038653161333431313937666461
31306138356463623366643034373939326538653435646662386630626261346265346265326164
35623763306164323861313865623766383065643631323038363937326432613033633735623863
38356165353664626162303137656431616536373836353138663435353338353439373065366463
63383563633132366264643233353562393663383163326262653630663037313664346663616537
61323637666433363831393638363863623536643735333265306635343331313164316365336261
39313235306633383333643631333035313662623537303835376436323534653833313030386364
30626332663536663362663336613030653162303063316264386231666361353630306433333134
66313361326337353039616232633730316166666366656264613735376462353536346265373734
65643566326535643161313438333166633762656632656562306337396338313230353366333766
39373063643062343365663664383537353961313333326234333035666662613465356663623134
65333139393033636435383038386236333563363630323633376235306238383032373537336131
37373066306238663138623931393731626563386164313666656435333634313365656265396432
31663563383836303836356161363764306139316433303838306637333863353338616636626235
61353931376666663733643661643039646464623766386665333634636634626337376137613236
33633266343963396364326635623562613964303239376234623465663134323037633866323238
37323838353630623638633636653665623463353830616363653135373462313465643036313939
36393465306531303364363037643437616239373863643163353835353337343137633562303132
64333630396361383664623539356439336132633761386566363432323332633032363737643438
64313165383164383737373163373233343364613833653964396330666234336637376330316534
35393535306634366361353032333966323564613339366531383961383236376231376261353633
63653632396237396237363234343432633465376530396266633765653438646237663161623734
65323730316231353335333432333262313338333461303331376635393339396634326463633433
35316264353363386338343061366163343730653432383532313961353465663633386238316366
32363564373162386364643764623963386535376163616437343336333066346665376362316266
33326364353762646236613861366338356238383765623335336532333832616336646161643533
32366132653934373931663734353937306366336435663537653632666464386561316666303733
36356330646536303634326531303036336231376164626366643630316133633735613939633338
63376364383437633938663136613733376363613161393538663264663461326165373936323236
65303261363238643538323864333636623363666665313063616563643132323038623166663831
30633931383939333662646638373234663133623237396466663532383662323064613765336164
36643432353737333466353731646130656561663063343462626338333034343939376130373163
63303134653463643038643766383266373238663162323634326165656637376239373338383664
34646238316163653233306163336434393333643434393861306364326233363736653437623939
62373635643862396332303838386362386439373565643466396362623566616534363733343561
38353763643638393437356662393934626336316664333930393135373131636438376135623739
30373163323230366139333230303834386566666263636266376633373366363464376135316166
61343333613763346265656330616236623337613765666237316637633963363966366161343561
62623431316363383036323632323662653032633635323337353630363539643666376133333632
35376331366639633061636336653765386462623539306166356531663763393233653766656533
34626565386530343136393631313534616434633633643834663935626532313363616531346231
30383966343430383437313533656632316235383166303462313663376239616235313430393937
35353432646162346561306532346531393038343333353132306566656663316430356636656263
37323666626130653436313132306135313330626561643532653463323038636665633865303862
34323432366133666139336237356262306363303634313261663662643762336534313865373662
36396362663038343665623030323066323738373436636464323732326332303162663261656462
61303061653539303135316163653535646538303935333832643730616265383663343265636461
38383334313138343137613339383633656662306533393633343261336662343134613132613564
31303733353163623331643432376631333063363539326139666134613337326261303139376661
37643766636461356563613061306534383630653239633261303939326530626432356137366631
32666364383937333762386165316634663166383366383138316233386432623166663333326239
32353266326437323133623739383738623963643162366635653564383738633436646562303662
36643335656336353036376630373361653337336463616634373032326666363361653031626162
37396231633934363964376132393664306262383035393238626264363866663762643430373530
38313034626137346530323333343734666432393565306538633536346131653266616434613939
39353136336537366264393964613464343839323632613330613238346635343338383430313065
38363536623130626333653732393030633339643938373532303032343963303465396262343338
30353532303830616161666534326630303331656335333466626435613265643362326437393530
35373233383234663133636134336438323764643665326330336336326132653063633338336536
37336562646162646233346430623663653530663863393362303332653761303461653163613730
30303439656264303836636666646361666431353865623666646336393038626631616534323365
32326238643465393864353664303837623862316432656230326334393135393562643065623531
63313537353435623134396133333561363566303466343664353538336531303566306265646263
64383932663565366630613637353962633934313366306661376365376261343565653931623736
37363633656566643962393337303961336335383039396435373262653534323762306665373330
36313331396537393135303565636132616338303335376561343139333563643561373030333165
36376465646535623932666235366363373862323530326336323164396433613634333563626638
34316663623330323930313730356439356338646630353439373132636264653331386333303861
37353339643136396331613639633737643837396366366435303835363437643135353138643431
31343965333033343234613734613961386637646461396236366238343834396264363364333330
63623830633832386333396433343561346437306336373837383464343332323438356661346638
30633261383531633339343039626230316432636434613135336131636461396330393334383432
33336234366132396131653135303531623535353162353965643735663332323462663931346233
66363339366239306565336161643730633433333561646435386464616432383438373134333065
37623832303630393139663836303562623232326563636533626266653332376163346231383739
62353864343438396433343761303637353564623435303765623736343037323464363866353066
30623538643764376665366661626362653634663432303166663933376361653262653638663937
33626161663964303334373962653661383239373934386136383438616364663534383134616361
61353130656231626566613964366535653838383663633032323536323933613064373831336536
30383238326238623839653237376630633365623435646564313734356236303762613132643533
33636639363064333762326435316262663739326137653833376262313438316135353336636361
30313237626563343135353639383463363733633032663730616337383838316439613563396137
62316563633262306332616161316537653238336439383733336264333337646665303834376639
30373162643839353038653733336235616335363632373365326132636666643938393231373932
62643964636532346539613535626566343662633064363762343132633166656438653265636432
32643632646137316139656139633332343463663663343666363566333564656465396663396466
32326663666338333663326132326537346264383238653930383062366536316332386430326665
35336265396139666566396239623539346666303861386433336632333031386131306265623233
38643739323331326537313236633461383565353633636135346538323130646336343532346132
61386332366466613866616165313966656535613638313137366430626164353634346632336335
65623766623035313662666364623332353563306362656235396335326164346361313534323334
34353066343431393531383365353735373938353464373165663132366333303462313937656466
63313834373836383761663765326130636533356335336536646161303933656164663630666130
62323032616466363532366436666437633436333338333961313037343330636161653735653666
36386636373134323536376430346366343132383134326266666532393835626466653565376166
32666365656261643738656263393665393565613564346361393365323138383264353833623637
62373466666633383332616138663031643736393031303037613264626539623964383463646266
61353762666435333733346166366339393465303130363131373530623638386639663832373934
63633634373533613837333464373135363638626363396639316437396362343839303739646261
31313764653839663433633433373164396163333836643537373832323963336630393335326131
66383462613735363331326331666262353166393463393932343833636534653333626232386536
33396539316139363339623461393063623031313930376365383638373034626636306630323133
35653161663032663739323437316366653966616534393737313466383964376237356566613631
62623266393063653539653339363537373666666533336237386361393233633936376135353539
63623834643066363135363365373132613036313565656565616564323734656437316138373363
37343931353930643562373336303834613934383532373137613337393365623236373365316136
38316230323765393766636137326161643666396462616262666432346565366661623334343865
37666539306435363063313039633331303637346537653533303764323931323465656635306432
32383665636332656636323236396333653463613864646165656131616439306364366136616535
33343265623435313133386664343932653436386364313039336263313134376132623737336364
35373365323036363133363336653866363339616332376439343531343930313064383861353463
35356439313234303763303935353162363961323137303636656537366461373537393966333330
66666532626164353431323763316561376366326661353730353264656166343866663263396464
33366234663032346331316433336433316531386436356331333838323430613537613137396665
39653833613832633636616461353062366361666435626163386632356532306638326662313066
33656637663031616537353535366365373365353239363264333765303132343037633566343766
31316666326663333961646666653531646261653033653364316361623130313432353237653037
31353061356431323665376462356535353134333835636631386233336337613036306234303830
39356465313163313661313132303162393162396230326336356564653431303861353364303739
38663839353536656538306435656436633233633639383434333261326535333539336639653032
66633235656131303862313233616638313130353166346163323962636564666265393132663936
30353565383036613334663066616662353838663665323165356564376433366338346139373332
61356436373137383239356539636632386364633965373333646234616663396533663031336166
33653236383435393739656366653437313962633734656139323336356165646533346461366334
31373430626666616430333438363039623333636161656366346537396563373739623166643066
64303838333339306332366364643333383333306431333766383162383237613934656163363739
30356262636635653964396661343138353165313732346631356538643230366634373164373830
35626135396365663062333833393034373536646337343365666161323135323666643738663134
32633664373565313032383735373938363363363563656363363231353233636234306537383939
62346233343236346137373132613164666433613862663963633236383538343437353130383130
61643436616330396663643033616666666465313539326636353234333666663232653437626337
30626330643032316532306333643363393962343961373663396330396264383237626466626265
35653764373637656330653765366263366333386438323436633065346165656539616635336439
64663431626234643536303633633132313264656133636332306466316665626538663632336365
66376330663963623230323166656538333134313363373334653235626334366537376131663238
35316334326436316637353663663965396139656665303337356539393532646262666566383932
65373331616635303336313661636434386263353764313032303162323237643337633033323964
32656532653230323833373062383137646663356163316332633166653864643163633134353063
65363332333330373130626238333661363632356139316566643039343932376264386563393364
66383562646165333230383763363261663434303234653864363234313137633333336130313537
34343166343630613739633166326262353366363433323535653564346432313239316232396537
34333864306337653738363534666364323061376233326133353835343133653531373738363030
62643631343538363630623632356563313535303233356563663530383232313839363333353162
36376365343865383930303761383761313963653034613461383564373438313063
